8770, 4313, 4764, 5343, 5658, 0838, 8651, 8543, 7484, 4330
7541, 5066, 3794, 3925, 0173, 6001, 5651, 3962, 3384, 0901
6985, 9584, 6161, 6623, 3617, 5727, 2881, 5668, 3701, 3772
4809, 9834, 1586, 1461, 5239, 5036, 4819, 8234, 1353, 2361
0919, 4151, 5326, 3593, 6264, 4576, 4621, 9562, 6151, 5555
9834, 7271, 7384, 4334, 0295, 1762, 4074, 4897, 7510, 3202
4494, 0974, 5972, 9757, 3513, 5061, 8467, 3465, 7019, 0373
0361, 0503, 5724, 3007, 6433, 1257, 7855, 0958, 7406, 8119
4013, 1620, 6727, 2061, 1493, 9080, 6633, 0278, 1328, 1724
3835, 2468, 4167, 0264, 6768, 5746, 2697, 2017, 9792, 1251
0067, 6820, 2075, 4584, 8118, 4591, 6465, 3885, 3107, 6639
4761, 3792, 2773, 0845, 7088, 2653, 2242, 7941, 7554, 8725
3115, 9908, 9020, 9508, 9662, 9151, 9318, 8258, 0730, 2054
0148, 0546, 3320, 8607, 2056, 6895, 1170, 6491, 1700, 1346
1084, 0023, 5714, 2231, 8597, 8570, 0543, 4444, 5449, 2819
6130, 9250, 3568, 4363, 6934, 0828, 8197, 0850, 9087, 4775
3972, 3591, 8970, 7016, 7546, 9389, 3393, 4527, 8332, 8436
9758, 3040, 3175, 5456, 2642, 8245, 2757, 5726, 3990, 6290
1997, 6007, 7207, 8107, 7184, 9540, 9457, 5762, 7962, 3473
1791, 2635, 1522, 1349, 5145, 5640, 5054, 0517, 7093, 2806
2359, 9052, 5989, 1407, 4085, 9773, 1525, 2282, 4808, 0226
3127, 2484, 5265, 2765, 2019, 4311, 0379, 5882, 8856, 7837
7144, 2495, 3859, 6818, 2848, 2723, 3500, 8436, 9033, 1684
1954, 2445, 8050, 3543, 8654, 9675, 9408, 1461, 2364, 8584
1119, 1970, 5153, 5118, 4539, 6573, 3897, 4087, 5158, 7269
9929, 8474, 6607, 7708, 3091, 0256, 2240, 9169, 2603, 5980
7833, 5367, 4603, 7675, 0477, 4071, 9836, 8321, 7486, 0005
3501, 9911, 5936, 6215, 8206, 5055, 3577, 0308, 0569, 3134
3350, 3259, 3201, 7464, 9590, 4165, 2000, 1381, 8737, 4998
2517, 1246, 5364, 0063, 6933, 7838, 2338, 3411, 6479, 0447
1065, 4671, 1754, 7834, 7888, 6638, 5874, 8048, 9303, 6168
5673, 6922, 5179, 1695, 1627, 5557, 1381, 3310, 2287, 7063
4313, 8355, 3496, 1145, 7199, 3098, 2799, 7758, 2296, 8304
3319, 9380, 9238, 1411, 3812, 6462, 5663, 2135, 8187, 9981
4296, 2351, 4541, 8880, 4572, 0455, 2413, 3269, 4955, 1392
0215, 2819, 9967, 0331, 5020, 9578, 4994, 0012, 3937, 3335
4652, 4165, 6310, 6280, 4018, 2433, 9043, 8520, 4704, 0190
4690, 5989, 7805, 3541, 2999, 6114, 6222, 3618, 8605, 8941
6029, 0402, 5120, 3767, 0485, 9460, 1580, 0608, 6092, 4245
1421, 4316, 1969, 3216, 9670, 3970, 5294, 9658, 0037, 6131
0555, 8593, 9604, 6857, 1444, 0571, 1299, 9953, 1669, 1815
7874, 4925, 3308, 8210, 2438, 7272, 6627, 6179, 5213, 6032
0013, 5334, 6804, 3442, 3493, 1324, 9079, 2482, 5699, 0000
3593, 7148, 8557, 7086, 0189, 5230, 2645, 3735, 8482, 8682
1598, 5858, 7502, 8306, 6574, 6488, 8083, 2584, 3794, 6747
3877, 2828, 1494, 2077, 7254, 6541, 8415, 4863, 1523, 4589
3545, 7153, 7311, 0576, 0322, 6569, 3625, 3955, 2039, 0892
9654, 7722, 2930, 0169, 9815, 2234, 7047, 4747, 0956, 1064
9985, 1496, 7340, 7025, 3247, 0983, 2172, 3737, 1708, 4087
9737, 8457, 7874, 6780, 5839, 5074, 4293, 2331, 6950, 2406
1370, 6185, 0459, 6570, 1160, 4650, 3316, 5159, 1692, 0056
7943, 8764, 1706, 2731, 3683, 8614, 9716, 4465, 4892, 8295
0019, 2384, 2550, 4062, 3017, 3775, 4573, 9863, 9301, 8194
8264, 8338, 7962, 2389, 1121, 2104, 9394, 7929, 0109, 5261
5437, 1041, 1090, 1153, 5438, 9775, 0301, 2868, 3337, 5340
8232, 6446, 3750, 8341, 8178, 3997, 0335, 1911, 6915, 4384
0197, 6707, 4276, 7558, 5672, 6989, 3421, 4403, 8066, 9179
7051, 8986, 0161, 5449, 5987, 7200, 9160, 5915, 7234, 0103
2803, 0452, 9475, 8937, 0641, 6037, 4889, 1672, 9663, 0768
4210, 3158, 5643, 9695, 1524, 4950, 7118, 7084, 6725, 2190
2801, 1816, 5008, 6897, 9121, 1488, 0693, 8797, 4430, 8763
2532, 1961, 7707, 0048, 1676, 8243, 5538, 1392, 3932, 4672
4167, 3976, 0809, 9094, 9322, 7076, 3533, 4898, 3305, 9410
8896, 6934, 3997, 7451, 7981, 9002, 3668, 2472, 2475, 7583
2569, 8986, 2009, 2414, 3482, 6812, 9261, 2937, 7575, 5978
9220, 0657, 9464, 7911, 4586, 0632, 7011, 3374, 9977, 6347
2712, 6622, 6553, 0254, 4539, 7297, 9335, 6456, 8866, 3540
0342, 1012, 7461, 8824, 9678, 3150, 4769, 6389, 0789, 7050
4590, 3053, 1686, 7522, 2811, 2128, 6670, 7890, 7679, 2503
0820, 7877, 5869, 6290, 1755, 2920, 8962, 3602, 5753, 1988
9503, 6507, 9507, 0027, 5243, 2363, 6677, 5329, 1853, 9667
7879, 6614, 7388, 6032, 6955, 6062, 9332, 1518, 0068, 2728
5613, 7886, 6326, 6651, 9176, 2702, 5619, 3714, 7214, 6218
5688, 3030, 4789, 0826, 1637, 2896, 7701, 9263, 4375, 9599
5907, 8577, 8663, 5470, 6271, 8558, 8183, 3192, 5187, 2939
4819, 2916, 1872, 9814, 0293, 0597, 7624, 5780, 2842, 8260
8268, 3762, 1542, 1726, 3419, 0991, 3623, 1421, 7030, 3058
8224, 5351, 5775, 7181, 7006, 6100, 8344, 2702, 4876, 5922
0197, 9719, 0608, 0777, 0759, 5605, 5672, 2097, 5429, 2328
4373, 9769, 7033, 9936, 6385, 1004, 4397, 0692, 6072, 2332
2798, 8818, 0823, 6056, 0167, 3370, 3628, 6231, 7167, 5131
4012, 0276, 8355, 6114, 7109, 0454, 6906, 8360, 8563, 9379
8875, 0260, 9299, 9401, 3429, 5605, 5871, 2724, 1741, 9626
6799, 2383, 8167, 0658, 9198, 6270, 1504, 5405, 3809, 4740
3119, 9271, 2677, 2765, 1422, 9371, 7728, 3706, 2649, 5482
3766, 1761, 5442, 7113, 2368, 0639, 9291, 8634, 2404, 6748
5015, 2709, 3001, 1967, 1928, 8058, 1139, 3980, 2079, 0849
3212, 5780, 8102, 7777, 8422, 0956, 1690, 7759, 1097, 7458
4639, 9673, 5263, 1060, 9140, 4369, 7680, 1052, 6115, 4126
4985, 2622, 8903, 0238, 6710, 3445, 8250, 6244, 4644, 6725
9202, 3831, 2061, 5207, 8506, 4108, 1713, 8091, 0976, 2440
7539, 3959, 7199, 3364, 7492, 4181, 8991, 4553, 6456, 1161
3921, 0012, 0319, 7252, 2142, 2274, 0784, 8619, 8971, 7192
5366, 5734, 4125, 3037, 6908, 7117, 5575, 5290, 8441, 6529
5421, 3564, 8736, 0972, 5345, 2611, 3115, 3904, 0101, 4769
5624, 3091, 5854, 1759, 0285, 4148, 4219, 7238, 2729, 4644
0511, 5612, 3635, 4771, 7929, 7667, 3290, 4458, 7841, 2164
0173, 1280, 5169, 1527, 7825, 5141, 3533, 9144, 4334, 6009
2768, 5298, 2641, 9754, 9738, 1712, 3341, 8514, 8344, 7539
6495, 1234, 2594, 7261, 3420, 1116, 7151, 0418, 6264, 7925
