492018, 731942, 105829, 847192, 592013, 284710, 938471, 582910, 104829, 394817
728193, 481029, 692810, 381920, 572819, 103948, 591820, 394821, 582910, 204918
682910, 391028, 581920, 482910, 592810, 384910, 293810, 582910, 491028, 592819
392018, 581920, 492018, 591820, 293810, 592810, 491028, 581920, 394810, 592810
102938, 482910, 591820, 394810, 582910, 492018, 591820, 394810, 582910, 492018
682910, 492018, 592810, 394810, 582910, 491028, 581920, 394810, 592810, 492018
384910, 591820, 492018, 582910, 394810, 592810, 491028, 581920, 394810, 592810
293810, 582910, 492018, 591820, 394810, 582910, 491028, 592810, 394810, 581920
748291, 592810, 491028, 582910, 394810, 591820, 492018, 582910, 394810, 592810
102938, 581920, 492018, 592810, 394810, 582910, 491028, 591820, 394810, 582910
482910, 592810, 491028, 581920, 394810, 592810, 492018, 582910, 394810, 591820
591820, 492018, 582910, 394810, 592810, 491028, 581920, 394810, 592810, 492018
394810, 582910, 491028, 591820, 394810, 582910, 492018, 592810, 394810, 581920
849201, 591820, 492018, 582910, 394810, 592810, 491028, 581920, 394810, 592810
293847, 582910, 492018, 591820, 394810, 582910, 491028, 592810, 394810, 581920
582910, 491028, 592810, 394810, 581920, 492018, 582910, 394810, 592810, 491028
102948, 592810, 492018, 582910, 394810, 591820, 491028, 581920, 394810, 592810
482910, 581920, 492018, 592810, 394810, 582910, 491028, 591820, 394810, 582910
748192, 592810, 491028, 581920, 394810, 592810, 492018, 582910, 394810, 591820
394810, 582910, 492018, 591820, 394810, 582910, 491028, 592810, 394810, 581920
928374, 591820, 492018, 582910, 394810, 592810, 491028, 581920, 394810, 592810
102938, 582910, 491028, 592810, 394810, 581920, 492018, 582910, 394810, 592810
482910, 592810, 492018, 581920, 394810, 592810, 491028, 582910, 394810, 591820
591820, 491028, 582910, 394810, 592810, 492018, 581920, 394810, 592810, 491028
394810, 582910, 492018, 591820, 394810, 582910, 491028, 592810, 394810, 581920
849201, 592810, 491028, 582910, 394810, 591820, 492018, 582910, 394810, 592810
293847, 581920, 492018, 592810, 394810, 582910, 491028, 591820, 394810, 582910
582910, 592810, 491028, 581920, 394810, 592810, 492018, 582910, 394810, 591820
102948, 582910, 492018, 591820, 394810, 592810, 491028, 581920, 394810, 592810
482910, 591820, 491028, 582910, 394810, 591820, 492018, 582910, 394810, 592810
748192, 592810, 492018, 581920, 394810, 582910, 491028, 592810, 394810, 581920
394810, 581920, 491028, 592810, 394810, 591820, 492018, 582910, 394810, 592810
928374, 592810, 492018, 582910, 394810, 581920, 491028, 592810, 394810, 581920
102938, 582910, 491028, 591820, 394810, 592810, 492018, 582910, 394810, 591820
482910, 591820, 492018, 582910, 394810, 581920, 491028, 592810, 394810, 582910
591820, 592810, 491028, 581920, 394810, 592810, 492018, 582910, 394810, 591820
394810, 581920, 492018, 592810, 394810, 582910, 491028, 591820, 394810, 582910
849201, 592810, 491028, 581920, 394810, 592810, 492018, 582910, 394810, 591820
293847, 582910, 492018, 591820, 394810, 581920, 491028, 592810, 394810, 582910
582910, 591820, 491028, 582910, 394810, 592810, 492018, 581920, 394810, 592810
102948, 592810, 492018, 581920, 394810, 582910, 491028, 591820, 394810, 582910
482910, 581920, 491028, 592810, 394810, 591820, 492018, 582910, 394810, 592810
748192, 592810, 492018, 581920, 394810, 582910, 491028, 592810, 394810, 581920
394810, 582910, 491028, 591820, 394810, 592810, 492018, 582910, 394810, 591820
928374, 591820, 492018, 582910, 394810, 581920, 491028, 592810, 394810, 582910
102938, 592810, 491028, 581920, 394810, 592810, 492018, 581920, 394810, 592810
482910, 581920, 492018, 592810, 394810, 582910, 491028, 591820, 394810, 582910
591820, 592810, 491028, 581920, 394810, 591820, 492018, 582910, 394810, 592810
394810, 582910, 492018, 591820, 394810, 582910, 491028, 592810, 394810, 581920
283741, 591820, 491028, 582910, 394810, 592810, 492018, 581920, 394810, 592810
348563, 972555, 650842, 870095, 609997, 473118, 736607, 909582, 253938, 385350
473882, 776467, 858040, 454265, 659975, 390000, 264608, 523187, 435075, 329535
475967, 820466, 186704, 243417, 701313, 372401, 130851, 743289, 104828, 456627
832156, 181796, 479039, 336311, 207671, 830358, 292400, 750471, 890968, 781186
338858, 838273, 976359, 230628, 523566, 659463, 277641, 805489, 468296, 794710
152311, 190727, 773335, 678153, 356788, 106262, 557338, 407687, 796319, 542963
954329, 631656, 621204, 865528, 392363, 275365, 549452, 512621, 383049, 633024
364079, 676033, 430284, 444313, 234368, 443302, 863291, 399174, 894597, 778434
559735, 814256, 251338, 986623, 222183, 336827, 119255, 432082, 741801, 150752
320500, 386735, 566095, 921102, 848301, 552206, 196202, 305114, 587279, 450987
918728, 590896, 686432, 818254, 272971, 877257, 454453, 139743, 882795, 812902
330627, 974436, 516655, 168425, 751071, 683868, 725470, 217120, 365145, 804894
303977, 294594, 726320, 546247, 799512, 377280, 920126, 979951, 477967, 278350
451987, 452622, 155501, 563235, 302630, 914079, 538040, 111991, 416239, 945634
268220, 902580, 354943, 933507, 503081, 779650, 801823, 951581, 808562, 597268
796441, 190939, 924091, 465771, 325370, 221573, 638671, 193233, 410286, 181556
584155, 706339, 742649, 571636, 487613, 401006, 430932, 580141, 366274, 852983
642685, 663730, 516957, 384251, 739533, 132181, 626096, 772564, 954697, 839398
469839, 343249, 346486, 244862, 960657, 123754, 300570, 612354, 337552, 778977
677055, 242725, 862771, 365749, 723297, 312547, 107949, 824559, 127398, 329753
132570, 647370, 677553, 785486, 630791, 725649, 936742, 219841, 861793, 669929
214100, 837156, 545273, 273765, 156374, 346772, 437850, 571268, 209543, 839925
914154, 796807, 767195, 409336, 795041, 102893, 152841, 602200, 351629, 903068
363848, 724822, 597746, 535984, 528115, 499804, 777880, 699750, 245810, 878430
300928, 652809, 556308, 498557, 762775, 672403, 138764, 757246, 770811, 372270
324272, 263838, 375674, 636861, 203593, 978134, 705758, 827748, 933749, 636003
736245, 810079, 791097, 827650, 976987, 423700, 693649, 438821, 632409, 704024
619266, 505830, 764489, 116230, 268666, 523966, 267382, 195340, 246951, 274986
895976, 893752, 431635, 541903, 756433, 453334, 384023, 619792, 557936, 687394
386965, 252818, 565415, 387215, 676900, 471362, 497515, 379666, 337880, 384045
471030, 951764, 777978, 481717, 659761, 402864, 298983, 663106, 578560, 248031
599457, 508264, 299169, 771448, 348825, 907980, 851073, 387136, 536469, 226145
592005, 440026, 664830, 226201, 297902, 746383, 820782, 330880, 823315, 685406
474841, 815672, 616286, 687734, 252617, 662271, 258593, 835410, 932752, 733983
675069, 803741, 722241, 719319, 626304, 291329, 376894, 554439, 721655, 329531
274687, 910436, 403858, 806880, 979380, 840704, 430677, 910863, 937315, 108412
162348, 557584, 940769, 307861, 476422, 481327, 165671, 300447, 635264, 120823
350545, 191691, 253670, 577693, 874435, 559162, 472715, 315828, 184289, 407384
353822, 885087, 492156, 150425, 333977, 975864, 434418, 813262, 545244, 898906
186469, 327856, 806259, 872976, 954345, 428060, 285072, 366258, 339863, 987404
291709, 204665, 226476, 968019, 495363, 566845, 558925, 811469, 481774, 592776
110710, 821560, 562138, 275449, 969934, 306933, 320595, 805134, 221772, 845853
453155, 632479, 647738, 933587, 881080, 501512, 183126, 213904, 116920, 400848
294103, 899780, 923845, 438028, 827544, 156541, 649595, 540240, 470603, 111276
915226, 269885, 944226, 809259, 110549, 661960, 178110, 563208, 462641, 602356
530503, 447203, 509991, 141845, 635579, 116849, 335786, 964308, 585926, 313547
976450, 464014, 912714, 908878, 382056, 505818, 512063, 589002, 867547, 477544
172711, 939537, 906813, 591719, 852142, 873714, 352742, 695743, 606322, 594406
151639, 765207, 973063, 798284, 127395, 415801, 950921, 671459, 762850, 570480
991555, 311272, 736182, 512944, 388598, 457439, 802454, 240191, 475187, 100952
